-20000.0 0.000
-19900.0 0.000
-19800.0 0.000
-19700.0 0.002
-19600.0 0.023
-19500.0 0.049
-19400.0 0.078
-19300.0 0.110
-19200.0 0.140
-19100.0 0.168
-19000.0 0.193
-18900.0 0.214
-18800.0 0.230
-18700.0 0.243
-18600.0 0.254
-18500.0 0.266
-18400.0 0.281
-18300.0 0.301
-18200.0 0.322
-18100.0 0.341
-18000.0 0.354
-17900.0 0.358
-17800.0 0.357
-17700.0 0.358
-17600.0 0.366
-17500.0 0.384
-17400.0 0.413
-17300.0 0.447
-17200.0 0.485
-17100.0 0.522
-17000.0 0.556
-16900.0 0.581
-16800.0 0.595
-16700.0 0.596
-16600.0 0.590
-16500.0 0.587
-16400.0 0.596
-16300.0 0.622
-16200.0 0.660
-16100.0 0.702
-16000.0 0.740
-15900.0 0.767
-15800.0 0.782
-15700.0 0.788
-15600.0 0.785
-15500.0 0.777
-15400.0 0.765
-15300.0 0.754
-15200.0 0.746
-15100.0 0.746
-15000.0 0.753
-14900.0 0.767
-14800.0 0.789
-14700.0 0.817
-14600.0 0.845
-14500.0 0.866
-14400.0 0.873
-14300.0 0.862
-14200.0 0.837
-14100.0 0.807
-14000.0 0.781
-13900.0 0.766
-13800.0 0.758
-13700.0 0.755
-13600.0 0.753
-13500.0 0.750
-13400.0 0.746
-13300.0 0.745
-13200.0 0.749
-13100.0 0.760
-13000.0 0.775
-12900.0 0.790
-12800.0 0.802
-12700.0 0.805
-12600.0 0.801
-12500.0 0.790
-12400.0 0.771
-12300.0 0.746
-12200.0 0.718
-12100.0 0.692
-12000.0 0.673
-11900.0 0.663
-11800.0 0.659
-11700.0 0.660
-11600.0 0.660
-11500.0 0.658
-11400.0 0.653
-11300.0 0.649
-11200.0 0.646
-11100.0 0.645
-11000.0 0.644
-10900.0 0.639
-10800.0 0.626
-10700.0 0.603
-10600.0 0.573
-10500.0 0.541
-10400.0 0.511
-10300.0 0.488
-10200.0 0.469
-10100.0 0.450
-10000.0 0.427
 -9900.0 0.397
 -9800.0 0.366
 -9700.0 0.336
 -9600.0 0.315
 -9500.0 0.304
 -9400.0 0.302
 -9300.0 0.304
 -9200.0 0.305
 -9100.0 0.303
 -9000.0 0.299
 -8900.0 0.297
 -8800.0 0.300
 -8700.0 0.311
 -8600.0 0.325
 -8500.0 0.339
 -8400.0 0.349
 -8300.0 0.352
 -8200.0 0.349
 -8100.0 0.343
 -8000.0 0.336
 -7900.0 0.329
 -7800.0 0.325
 -7700.0 0.323
 -7600.0 0.324
 -7500.0 0.329
 -7400.0 0.335
 -7300.0 0.341
 -7200.0 0.345
 -7100.0 0.347
 -7000.0 0.346
 -6900.0 0.345
 -6800.0 0.345
 -6700.0 0.346
 -6600.0 0.349
 -6500.0 0.352
 -6400.0 0.355
 -6300.0 0.357
 -6200.0 0.358
 -6100.0 0.360
 -6000.0 0.364
 -5900.0 0.370
 -5800.0 0.376
 -5700.0 0.381
 -5600.0 0.384
 -5500.0 0.382
 -5400.0 0.379
 -5300.0 0.376
 -5200.0 0.375
 -5100.0 0.379
 -5000.0 0.385
 -4900.0 0.389
 -4800.0 0.389
 -4700.0 0.382
 -4600.0 0.371
 -4500.0 0.360
 -4400.0 0.353
 -4300.0 0.354
 -4200.0 0.362
 -4100.0 0.375
 -4000.0 0.391
 -3900.0 0.409
 -3800.0 0.427
 -3700.0 0.442
 -3600.0 0.454
 -3500.0 0.460
 -3400.0 0.463
 -3300.0 0.466
 -3200.0 0.470
 -3100.0 0.478
 -3000.0 0.488
 -2900.0 0.500
 -2800.0 0.512
 -2700.0 0.523
 -2600.0 0.534
 -2500.0 0.543
 -2400.0 0.553
 -2300.0 0.562
 -2200.0 0.571
 -2100.0 0.580
 -2000.0 0.590
 -1900.0 0.600
 -1800.0 0.610
 -1700.0 0.620
 -1600.0 0.627
 -1500.0 0.633
 -1400.0 0.636
 -1300.0 0.638
 -1200.0 0.640
 -1100.0 0.642
 -1000.0 0.643
  -900.0 0.643
  -800.0 0.642
  -700.0 0.639
  -600.0 0.633
  -500.0 0.625
  -400.0 0.614
  -300.0 0.600
  -200.0 0.586
  -100.0 0.572
     0.0 0.563
   100.0 0.560
   200.0 0.561
   300.0 0.567
   400.0 0.576
   500.0 0.587
   600.0 0.599
   700.0 0.610
   800.0 0.619
   900.0 0.626
  1000.0 0.632
  1100.0 0.638
  1200.0 0.644
  1300.0 0.653
  1400.0 0.663
  1500.0 0.672
  1600.0 0.679
  1700.0 0.683
  1800.0 0.684
  1900.0 0.685
  2000.0 0.687
  2100.0 0.691
  2200.0 0.698
  2300.0 0.706
  2400.0 0.716
  2500.0 0.726
  2600.0 0.736
  2700.0 0.741
  2800.0 0.740
  2900.0 0.732
  3000.0 0.718
  3100.0 0.705
  3200.0 0.695
  3300.0 0.692
  3400.0 0.693
  3500.0 0.696
  3600.0 0.696
  3700.0 0.691
  3800.0 0.683
  3900.0 0.674
  4000.0 0.667
  4100.0 0.664
  4200.0 0.662
  4300.0 0.660
  4400.0 0.656
  4500.0 0.647
  4600.0 0.635
  4700.0 0.624
  4800.0 0.614
  4900.0 0.608
  5000.0 0.605
  5100.0 0.600
  5200.0 0.594
  5300.0 0.582
  5400.0 0.570
  5500.0 0.560
  5600.0 0.556
  5700.0 0.561
  5800.0 0.572
  5900.0 0.585
  6000.0 0.595
  6100.0 0.600
  6200.0 0.600
  6300.0 0.597
  6400.0 0.594
  6500.0 0.592
  6600.0 0.591
  6700.0 0.591
  6800.0 0.594
  6900.0 0.598
  7000.0 0.605
  7100.0 0.613
  7200.0 0.622
  7300.0 0.633
  7400.0 0.644
  7500.0 0.657
  7600.0 0.670
  7700.0 0.685
  7800.0 0.700
  7900.0 0.714
  8000.0 0.726
  8100.0 0.735
  8200.0 0.742
  8300.0 0.748
  8400.0 0.755
  8500.0 0.762
  8600.0 0.768
  8700.0 0.768
  8800.0 0.760
  8900.0 0.741
  9000.0 0.715
  9100.0 0.686
  9200.0 0.659
  9300.0 0.636
  9400.0 0.620
  9500.0 0.609
  9600.0 0.603
  9700.0 0.603
  9800.0 0.607
  9900.0 0.615
 10000.0 0.629
 10100.0 0.646
 10200.0 0.666
 10300.0 0.683
 10400.0 0.696
 10500.0 0.702
 10600.0 0.705
 10700.0 0.708
 10800.0 0.716
 10900.0 0.733
 11000.0 0.756
 11100.0 0.782
 11200.0 0.808
 11300.0 0.831
 11400.0 0.850
 11500.0 0.864
 11600.0 0.873
 11700.0 0.877
 11800.0 0.876
 11900.0 0.873
 12000.0 0.869
 12100.0 0.866
 12200.0 0.861
 12300.0 0.855
 12400.0 0.844
 12500.0 0.828
 12600.0 0.808
 12700.0 0.782
 12800.0 0.753
 12900.0 0.721
 13000.0 0.689
 13100.0 0.659
 13200.0 0.634
 13300.0 0.616
 13400.0 0.604
 13500.0 0.595
 13600.0 0.585
 13700.0 0.573
 13800.0 0.559
 13900.0 0.541
 14000.0 0.520
 14100.0 0.497
 14200.0 0.471
 14300.0 0.447
 14400.0 0.424
 14500.0 0.406
 14600.0 0.393
 14700.0 0.386
 14800.0 0.386
 14900.0 0.391
 15000.0 0.398
 15100.0 0.403
 15200.0 0.399
 15300.0 0.384
 15400.0 0.361
 15500.0 0.334
 15600.0 0.310
 15700.0 0.291
 15800.0 0.277
 15900.0 0.267
 16000.0 0.258
 16100.0 0.248
 16200.0 0.240
 16300.0 0.234
 16400.0 0.234
 16500.0 0.240
 16600.0 0.250
 16700.0 0.259
 16800.0 0.267
 16900.0 0.269
 17000.0 0.269
 17100.0 0.269
 17200.0 0.274
 17300.0 0.285
 17400.0 0.302
 17500.0 0.322
 17600.0 0.343
 17700.0 0.363
 17800.0 0.381
 17900.0 0.394
 18000.0 0.402
 18100.0 0.402
 18200.0 0.395
 18300.0 0.381
 18400.0 0.359
 18500.0 0.331
 18600.0 0.298
 18700.0 0.264
 18800.0 0.234
 18900.0 0.208
 19000.0 0.189
 19100.0 0.173
 19200.0 0.161
 19300.0 0.152
 19400.0 0.144
 19500.0 0.134
 19600.0 0.121
 19700.0 0.103
 19800.0 0.078
 19900.0 0.045
 20000.0 0.000
