# List of GPS stations generated by `generate_gpsstations.py` Python script.
ZZ.0001   9305.5 -10975.3      0.0
ZZ.0002  -6118.7   5439.7      0.0
ZZ.0003  10557.1  11883.9      0.0
ZZ.0004   1979.4  10816.9      0.0
ZZ.0005   5497.5  10856.7      0.0
ZZ.0006   4858.1   5176.7      0.0
ZZ.0007  -1936.6  10992.8      0.0
ZZ.0008   5431.1   5407.9      0.0
ZZ.0009  -4331.3  13090.3      0.0
ZZ.0010  -5332.1 -10827.7      0.0
ZZ.0011   2691.1   8030.5      0.0
ZZ.0012  -8673.6  14812.8      0.0
ZZ.0013  -8243.8  -5459.3      0.0
ZZ.0014   7252.1   5402.8      0.0
ZZ.0015   5866.0   6855.4      0.0
ZZ.0016   1884.5 -12004.4      0.0
ZZ.0017  -1683.9  -7648.7      0.0
ZZ.0018  -3679.4  -4218.7      0.0
ZZ.0019   8052.1   8288.5      0.0
ZZ.0020   3148.4  12523.1      0.0
ZZ.0021  -6847.7  -2472.8      0.0
ZZ.0022  -3042.2   1210.4      0.0
ZZ.0023  -6517.4   1608.9      0.0
ZZ.0024    397.2 -13966.0      0.0
ZZ.0025   2349.9   -472.5      0.0
ZZ.0026  -5262.3   5533.1      0.0
ZZ.0027   1464.6  13885.2      0.0
ZZ.0028   1932.0   -207.6      0.0
ZZ.0029   4320.8   -585.0      0.0
ZZ.0030   6929.4  10507.2      0.0
ZZ.0031  -3944.6  -5659.5      0.0
ZZ.0032  -3149.2   7251.5      0.0
ZZ.0033   2386.9 -10531.7      0.0
ZZ.0034  -6165.6  -4810.1      0.0
ZZ.0035   1630.2 -12181.9      0.0
ZZ.0036 -11009.2  -3326.4      0.0
ZZ.0037  -2926.2   1550.6      0.0
ZZ.0038  -2727.4   8686.4      0.0
ZZ.0039   4599.0 -10995.4      0.0
ZZ.0040   4942.2  11963.9      0.0
ZZ.0041  -5948.3  14379.5      0.0
ZZ.0042   5207.2  13964.6      0.0
ZZ.0043    470.6   5044.3      0.0
ZZ.0044  -1911.4  -2469.2      0.0
ZZ.0045   3608.1  13925.3      0.0
ZZ.0046   8269.0  -2163.0      0.0
ZZ.0047  -4562.4  -6681.0      0.0
ZZ.0048     -3.7   4718.3      0.0
ZZ.0049  -6369.5 -12369.2      0.0
ZZ.0050   -517.3 -11855.6      0.0
