# Site Latitude Longitude Elevation (m)
s000 47.628687 -121.612982 0.0
s001 44.365155 -127.283489 0.0
s002 45.735429 -127.749628 0.0
s003 46.129591 -123.350223 0.0
s004 47.256591 -124.722886 0.0
s005 47.461605 -121.634109 0.0
s006 42.130634 -119.890760 0.0
s007 45.133983 -123.609386 0.0
s008 47.989057 -123.989470 0.0
s009 44.556228 -120.697530 0.0
s010 42.400906 -127.218005 0.0
s011 48.346912 -127.230149 0.0
s012 42.474276 -123.107849 0.0
s013 45.114353 -126.918171 0.0
s014 45.375199 -123.113671 0.0
s015 44.503446 -120.224643 0.0
s016 45.245698 -123.265162 0.0
s017 45.528426 -122.907728 0.0
s018 45.355367 -120.072297 0.0
s019 45.271641 -119.991950 0.0
s020 44.221339 -119.883980 0.0
s021 47.561659 -127.644257 0.0
s022 44.112431 -124.718673 0.0
s023 42.060991 -123.051358 0.0
s024 43.878245 -124.097409 0.0
s025 46.705427 -124.638054 0.0
s026 44.327479 -127.585885 0.0
s027 47.243404 -127.435121 0.0
s028 42.203630 -121.607208 0.0
s029 44.077366 -119.613277 0.0
s030 47.486098 -122.754429 0.0
s031 43.880605 -126.657327 0.0
s032 47.970235 -121.108323 0.0
s033 44.706072 -120.247282 0.0
s034 43.404986 -120.238278 0.0
s035 45.975030 -121.963700 0.0
s036 47.216044 -123.738534 0.0
s037 44.778731 -120.506943 0.0
s038 46.173138 -125.929533 0.0
s039 44.841103 -120.736087 0.0
