# Site Latitude Longitude Elevation (m)
s000 47.628687 -121.612982 961.5
s001 44.365155 -127.283489 -2934.1
s002 45.735429 -127.749628 -2869.7
s003 46.129591 -123.350223 250.0
s004 47.256591 -124.722886 -98.8
s005 47.461605 -121.634109 908.7
s006 42.130634 -119.890760 1701.5
s007 45.133983 -123.609386 298.5
s008 47.989057 -123.989470 729.1
s009 44.556228 -120.697530 1249.2
s010 42.400906 -127.218005 -2789.7
s011 48.346912 -127.230149 -2602.0
s012 42.474276 -123.107849 598.9
s013 45.114353 -126.918171 -2854.5
s014 45.375199 -123.113671 82.8
s015 44.503446 -120.224643 1439.3
s016 45.245698 -123.265162 83.3
s017 45.528426 -122.907728 90.2
s018 45.355367 -120.072297 796.5
s019 45.271641 -119.991950 949.4
s020 44.221339 -119.883980 1380.5
s021 47.561659 -127.644257 -2642.2
s022 44.112431 -124.718673 -150.6
s023 42.060991 -123.051358 1220.0
s024 43.878245 -124.097409 129.9
s025 46.705427 -124.638054 -326.2
s026 44.327479 -127.585885 -2910.4
s027 47.243404 -127.435121 -2641.1
s028 42.203630 -121.607208 1345.7
s029 44.077366 -119.613277 1575.9
s030 47.486098 -122.754429 42.8
s031 43.880605 -126.657327 -2971.2
s032 47.970235 -121.108323 1321.0
s033 44.706072 -120.247282 1218.1
s034 43.404986 -120.238278 1411.0
s035 45.975030 -121.963700 747.0
s036 47.216044 -123.738534 98.2
s037 44.778731 -120.506943 1020.1
s038 46.173138 -125.929533 -2458.6
s039 44.841103 -120.736087 1068.1
